附件一、
IPCC 第五次評估報告溫暖化潛勢值
IPCC 第五次評估報告溫暖化潛勢值
化學名稱
化學式 生命週期(年) GWP(20 年平均) GWP(100年平均)
（縮寫或通稱）
>500（Ber model, 與大
Carbon dioxide CO 1 1
2 氣中CO 濃度相關）
2
Methane CH 12.4 84 28
4
Nitrous Oxide NO 121.0 264 265
2
Hydrofluorocarbons
HFC-23 CHF 222.0 10,800 12,400
3
HFC-32 CHF 5.2 2,430 677
2 2
HFC-125 CHFCF 28.2 6,090 3,170
2 3
HFC-134a CHFCF 13.4 3,710 1,300
2 3
HFC-143a CHCF 47.1 6,940 4,800
3 3
HFC-152a CHCHF 1.5 506 138
3 2
HFC-227ea CFCHFCF 38.9 5,360 3,350
3 3
HFC-236fa CFCHCF 242.0 6,940 8,060
3 2 3
HFC-245fa CHFCHCF 7.7 2,920 858
2 2 3
HFC-365mfc CHCFCHCF 8.7 2,660 804
3 2 2 3
HFC-43-10mee CFCHFCHFCFCF 16.1 4,310 1,650
3 2 3
Fully Fluorinated Species
Nitrogen trifluoride NF 500.0 12,800 16,100
3
Sulphur hexafluoride SF 3,200.0 17,500 23,500
6
Sulphur pentafluoride SFCF 800.0 13,500 17,400
5 3
PFC-14 CF 50,000.0 4,880 6,630
4
PFC-116 CF 10,000.0 8,210 11,100
2 6
PFC-218 CF 2,600.0 6,640 8,900
3 8
PFC-318 c-CF 3,200.0 7,110 9,540
4 8
PFC-31-10 CF 2,600.0 6,870 9,200
4 10
PFC-41-12 n-CF 4,100.0 6,350 8,550
5 12
PFC-51-14 n-CF 3,100.0 5,890 7,910
6 14
PFC-91-18 C F 2,000.0 5,390 7,190
10 18
說明：
1. 現行UNFCCC規範，使用IPCC AR5中GWP百年平均值，作為計算溫室氣體當量之基礎。
2. 詳細資料請參考IPCC AR5，如下網址：
https://www.ipcc.ch/site/assets/uploads/2018/02/WG1AR5_Chapter08_FINAL.pdf
3. UNFCCC規範，請參閱第決議文decision 18/CMA.1附件，如下網址：
https://unfccc.int/sites/default/files/resource/cma2018_3_add2_new_advance.pdf#page=25
化學名稱
（縮寫或通稱） | 化學式 | 生命週期(年) | GWP(20 年平均) | GWP(100年平均)
Carbon dioxide | CO
2 | >500（Ber model, 與大
氣中CO 濃度相關）
2 | 1 | 1
Methane | CH
4 | 12.4 | 84 | 28
Nitrous Oxide | NO
2 | 121.0 | 264 | 265
Hydrofluorocarbons
HFC-23 | CHF
3 | 222.0 | 10,800 | 12,400
HFC-32 | CHF
2 2 | 5.2 | 2,430 | 677
HFC-125 | CHFCF
2 3 | 28.2 | 6,090 | 3,170
HFC-134a | CHFCF
2 3 | 13.4 | 3,710 | 1,300
HFC-143a | CHCF
3 3 | 47.1 | 6,940 | 4,800
HFC-152a | CHCHF
3 2 | 1.5 | 506 | 138
HFC-227ea | CFCHFCF
3 3 | 38.9 | 5,360 | 3,350
HFC-236fa | CFCHCF
3 2 3 | 242.0 | 6,940 | 8,060
HFC-245fa | CHFCHCF
2 2 3 | 7.7 | 2,920 | 858
HFC-365mfc | CHCFCHCF
3 2 2 3 | 8.7 | 2,660 | 804
HFC-43-10mee | CFCHFCHFCFCF
3 2 3 | 16.1 | 4,310 | 1,650
Fully Fluorinated Species
Nitrogen trifluoride | NF
3 | 500.0 | 12,800 | 16,100
Sulphur hexafluoride | SF
6 | 3,200.0 | 17,500 | 23,500
Sulphur pentafluoride | SFCF
5 3 | 800.0 | 13,500 | 17,400
PFC-14 | CF
4 | 50,000.0 | 4,880 | 6,630
PFC-116 | CF
2 6 | 10,000.0 | 8,210 | 11,100
PFC-218 | CF
3 8 | 2,600.0 | 6,640 | 8,900
PFC-318 | c-CF
4 8 | 3,200.0 | 7,110 | 9,540
PFC-31-10 | CF
4 10 | 2,600.0 | 6,870 | 9,200
PFC-41-12 | n-CF
5 12 | 4,100.0 | 6,350 | 8,550
PFC-51-14 | n-CF
6 14 | 3,100.0 | 5,890 | 7,910
PFC-91-18 | C F
10 18 | 2,000.0 | 5,390 | 7,190
附件二、
2023 年能源平衡表 －
OECD 能源統計格式 ( 熱值單位 )
2023年能源平衡表（公噸油當量單位）_Yearly Energy Balance (Calorific Unit)
112年(2023)
單位：公噸油當量;107千卡(tonne of oil equivalent;107kilocalorie)
1 2 3 4 5 6 7 8 9 10 11 12
煤及煤產品 煙煤-煉焦煤 煙煤-燃料煤 無煙煤 亞煙煤 褐煤 泥煤 焦炭 煤球 焦爐氣 高爐氣 轉爐氣
項 目 Coal and Coal Bituminous Coal-Bituminous Coal- Anthracite Sub-bituminous Lignite Peat Coke Oven Coke Patent Fuel Coke Oven Gas Blast Furnace Gas Oxygen Steel
Products Coking Coal Steam Coal Coal Furnace Gas
C2 ~ C12
1 自產
2+進口 34,131,300 4 ,133,472 24,807,769 31,462 5 ,055,187 1 03,410
3-出口 34,603 828 33,775
4-國際海運
5-國際航空
6-存貨變動 - 742,961 -31,976 -593,112 - 3,252 -97,302 -17,319
7=初級能源總供給 34,839,658 4 ,165,448 25,400,880 33,886 5 ,152,489 86,954
8-產品間轉換(轉出)
9-統計差異 150,361 276,353 - 263,413 - 40 119,191 18,270 - 0 -0
10-轉變投入 35,760,297 3 ,889,095 23,137,529 5 ,033,298 2,965,942 2 93,548 352,835 88,051
11 煉焦工場/煤製品業 5 ,044,187 3,889,095 1,155,092
12 高爐工場 4 ,083,872 1,117,929 2 ,965,942
13 煉油廠
14 石化工廠
15 公用發電廠 18,818,663 13,785,365 5 ,033,298
16 自用發電廠 332,653 332,653
17 公用汽電共生廠 329,432 329,432
18 自用汽電共生廠 7 ,151,490 6,417,057 293,548 352,835 88,051
19+轉變產出合計 6 ,373,207 3 ,648,673 1,107,247 1,396,320 2 20,967
20 轉變產出 6 ,373,207 3 ,648,673 1,107,247 1,396,320 2 20,967
21 產品間轉換(轉入)
22-能源部門自用 994,365 163,992 765,498 64,876
23 煤礦業
24 煉焦工場/煤製品業 462,790 137,088 260,826 64,876
25 高爐工場 531,575 2 6,903 504,672
26 石油及天然氣礦業
27 煉油廠
28 發電廠
29 抽水用電
30 汽電共生廠
31 氣體燃料供應業
32-損耗 76,049 66,477 6 7 ,656 1,910
33=最終消費 4 ,231,792 2,526,765 33,926 684,937 649,702 270,331 66,130
34 能源消費 4 ,091,389 2,526,765 3,292 575,168 649,702 270,331 66,130
35 工業部門 4 ,091,389 2,526,765 3,292 575,168 649,702 270,331 66,130
36 砂、石採取及其他礦業(不含煤、油、氣)
37 食品飲料及菸草製造業 7 ,373 7,373
38 紡織成衣及服飾品製造業 173,185 173,185
39 皮革、毛皮及其製品製造業
40 木竹製品及家具製造業
41 紙漿、紙及紙製品製造業 411,365 411,365
42 印刷及資料儲存媒體複製業
43 化學材料及肥料製造業 1 ,146,612 1,146,491 122
44 化學原材料製造業 1 ,003,264 1,003,264
45 (基本化學工業) ( 40,956) ( 40,956)
46 (石油化工原料製造業) ( 9 62,308) ( 962,308)
47 肥料及氮化合物製造業
48 人造纖維製造業 131,014 131,014
49 塑膠及合成橡膠原料製造業 12,214 12,214
50 其他化學材料及肥料製造業 122 122
51 化學製品及醫藥用品製造業 11,889 11,889
52 橡膠製品製造業
53 塑膠製品製造業 836 836
54 非金屬礦物製品製造業 763,202 763,202
55 水泥及其製品製造業 743,204 743,204
56 其他 19,999 19,999
57 (耐火、黏土建材及其他陶瓷製品製造業)
58 (玻璃及其製品製造業)
59 基本金屬製造業 1 ,564,503 3,292 575,168 649,580 270,331 66,130
60 鋼鐵製造業 1 ,564,503 3,292 575,168 649,580 270,331 66,130
61 非鐵金屬製造業
62 (鋁製造業)
63 金屬製品製造業
64 機械設備製造及維修業
65 電子產品及電力設備製造業 12,424 12,424
66 (電子零組件製造業)
67 運輸工具及其零件製造業
68 精密光學醫學設備及鐘錶製造業
69 其他製造業
70 用水供應及污染整治業
71 營建工程業
72 其他
73 運輸部門
74 國內航空
75 公路
76 鐵路
77 管線運輸
78 國內水運
79 其他
80 農業部門
81 農牧及林業
82 漁業
83 服務業部門
84 批發及零售業
85 運輸及倉儲業
86 運輸服務業
87 倉儲業
88 郵政及遞送服務業
89 住宿及餐飲業
90 出版影音及資通訊業
91 (電信業)
92 金融及保險業
93 不動產業
94 專業、科學及技術服務業
95 支援服務業
96 公共行政及國防
97 教育業
98 醫療保健及社會工作服務業
99 藝術、娛樂及休閒服務業
100 其他
101 住宅部門
102 非能源消費 140,403 30,634 109,769
103 工業、轉變及能源部門 140,403 30,634 109,769
104 (石化原料用)
105 運輸部門
106 其他
電能與熱能產出
1 發電量 (千度) 119,157,090 91,673,548 23,857,531 1 ,438,437 1,750,806 4 36,767
2 公用發電廠 89,124,884 65,267,353 23,857,531
3 自用發電廠 1 ,928,869 1,928,869
4 公用汽電共生廠 1 ,156,571 1,156,571
5 自用汽電共生廠 26,946,765 23,320,755 1 ,438,437 1,750,806 4 36,767
6 熱能(公噸) 21,967,918 20,837,020 410,596 577,144 143,158
7 汽電共生廠 21,967,918 20,837,020 410,596 577,144 143,158
1
煤及煤產品
Coal and Coal
Products
C2 ~ C12
34,131,300
34,603
- 742,961
34,839,658
150,361
35,760,297
5 ,044,187
4 ,083,872
18,818,663
332,653
329,432
7 ,151,490
6 ,373,207
6 ,373,207
994,365
462,790
531,575
76,049
4 ,231,792
4 ,091,389
4 ,091,389
7 ,373
173,185
411,365
1 ,146,612
1 ,003,264
( 40,956)
( 9 62,308)
131,014
12,214
122
11,889
836
763,202
743,204
19,999
1 ,564,503
1 ,564,503
12,424
140,403
140,403
電能與熱能產出
119,157,090
89,124,884
1 ,928,869
1 ,156,571
26,946,765
21,967,918
21,967,918
13 14 15 16 17 18 19 20 21 22 23 24 25 26 27 28
原油及石油產品 原油 煉油廠進料 添加劑/含氧化合物 煉油氣 液化石油氣 (丙烷混合氣) 天然汽油 石油腦 車用汽油 (無鉛汽油) 航空汽油 航空燃油-汽油型 航空燃油-煤油型 煤油 柴油
Crude Oil and Crude Oil Refinery Additives/ Refinery Gas LPG (Propane Air) Natural Gasoline Naphthas Motor Gasoline (Unleaded Aviation Jet Fuel- Jet Fuel- Kerosene Diesel Oil
Petroleum Products Feedstocks Oxygenates Gasoline) Gasoline Gasoline Type Kerosene Type
C14 ~ C36
310,860 1 ,474 309,387
51,753,628 42,160,361 280,962 1 ,249,964 6,826,061 1 50,354 ( 1 50,354) 71,787 19,103
14,722,206 649,916 197,869 3 ,092,619 ( 3,092,619) 647,654 7 ,670,747
1 ,236,696 118,316
2 ,587,217 2 ,587,217
61,159 45,520 378 - 144,022 - 24,895 - 188,976 -100,001 ( - 100,001) 39,862 281 1 66,842
33,457,210 42,116,314 309,009 - 224,932 1 ,274,859 6,817,168 - 2,842,264 ( - 2,842,264) - 3,202,946 - 281 - 7,936,802
2 ,693,209 1 13,207 1 ,852,542 1 03,940 ( 1 03,940) 93,011 49,369
- 302,048 -22,847 0 282 66,742 -99,096 ( - 99,096) 244,194 8 2 - 168,635
43,511,479 42,139,161 149,619 280,962 90,383 5 ,809 55,410
42,517,349 42,139,161 97,225 280,962
787,026 53,389
1 ,000 142
1 ,225 301
204,879 52,394 90,383 5 ,809 1,578
46,705,199 531,312 1 ,953,378 1,109,382 9,386,652 10,422,455 ( 1 0,422,455) 3,807,322 3,898 12,907,343
44,282,838 531,312 1 ,953,378 9 92,770 9 ,386,652 8,273,863 ( 8,273,863) 3 ,807,322 3,898 12,836,119
2 ,422,361 1 16,612 2 ,148,592 ( 2,148,592) 71,224
2 ,583,597 19,678 1 ,862,994 1 64,329 2 ,903 ( 2 ,903) 0 3 3 28,608
2 ,581,693 19,678 1 ,862,994 1 64,329 1 ,660 ( 1 ,660) 0 3 3 28,499
1 ,227 1,227 ( 1 ,227)
653 1 ( 1 ) 101
2 4 1 6 ( 16) 8
31,676,173 139,712 25,418 2 ,100,615 14,284,537 7 ,572,444 ( 7,572,444) 267,170 3 ,501 5 ,005,788
14,950,764 139,712 1 ,397,236 7,572,444 ( 7,572,444) 267,170 3 ,501 5 ,005,788
930,973 139,712 270,057 4 ,616 ( 4 ,616) 3 ,261 101,668
5 ,520 2,044 1,958
47,397 19,849 5 3 ( 53) 12,470
25,922 5 ,770 5 ( 5 ) 242
2 ,480 1,942
1 ,705 2 38 4 ( 4 ) 9
25,794 1 ,906 3 8 ( 38) 444
2 ,286 2,092 6 ( 6 ) 8 3
439,226 139,712 154,143 7 ( 7 ) 48,333
280,447 139,593 37,515 47,012
( 28,420) ( 23,633)
( 2 52,027) ( 139,593) ( 1 3,883) ( 47,012)
2 8
17,423 119 6 6
25,748 1 ,048 7 ( 7 ) 1 ,256
115,579 115,579
46,278 8 ,987 4 ( 4 ) 2 0 1 ,598
3 ,290 2,262 6 ( 6 ) 2 3
17,352 7 ,609 1 6 ( 16) 1 430
125,049 7 ,442 2 1 ( 21) 11,054
26,623 109 1 5 ( 15) 9,980
98,426 7 ,333 5 ( 5 ) 1 ,074
( 16,591) ( 5 ,650) ( 302)
( 59,857) ( 1 ,683) ( 5 )( 5) ( 7 06)
99,908 21,375 237 ( 2 37) 8 4 ,392
70,762 14,093 237 ( 2 37) 8 4 ,392
29,146 7 ,282 1
( 23,621) ( 7 ,280) ( 1 )
23,049 18,299 1 ( 1 ) 2 4 731
7 ,713 3,564 1 45 ( 1 45) 2 ,504 230
7 ,509 2,889 2 09 ( 2 09) 3 ,064
( 4 ,864) ( 1 ,539) ( 31)( 31) ( 3 ,045)
22,719 9 ,301 3,374 ( 3 ,374) 700 4 ,317
3 3 33
769 0 2 1 ( 21) 1 3
12,862 329 ( 3 29) 2 ,359
14,114 311 142 ( 1 42) 4 9 ,915
11,647,002 8,460 7 ,525,955 ( 7,525,955) 70,411 3 ,999,561
70,411 70,411
11,483,096 8,460 7 ,525,955 ( 7,525,955) 3 ,948,681
8 ,057 8 ,057
85,438 42,823
490,462 8 ,100 ( 8 ,100) 202 4 63,081
64,838 8,100 ( 8 ,100) 55,616
425,624 202 4 07,466
992,025 228,417 33,773 ( 3 3,773) 193,295 3 ,501 441,478
172,726 122,514
26,922 627 2 ,852 ( 2 ,852) 2 ,237 17,737
23,511 627 447 ( 4 47) 2 ,237 16,732
128 128
3 ,283 2,406 ( 2 ,406) 878
228,287 225,022 116 ( 1 16) 1 ,264 575
3 ,944 3,171 ( 3 ,171) 774
3 ,887 3,119 ( 3 ,119) 768
4 ,030 7 55 ( 7 55) 3 ,274
3 4 2 7
8 ,192 2 24 247 ( 2 47) 7 ,648
8 ,684 7,681 ( 7 ,681) 867
437,887 1 18,126 ( 1 8,126) 193,295 226,120
2 ,642 3 6 170 ( 1 70) 2 ,380
2 ,640 0 384 ( 3 84) 1 ,805
381 37 ( 37) 168
95,656 2 ,507 2 34 ( 2 34) 57,587
890,303 890,303
16,725,409 25,418 703,378 14,284,537
16,725,409 25,418 703,378 14,284,537
( 14,987,915) ( 7 03,378) ( 1 4,284,537)
3 ,775,616 5 00,939 218,872
3 ,146,363 212,697
2 ,453 549
3 ,865 884
622,935 500,939 4 ,741
2 ,252,280 1,303,199 4 25,646 2 ,446
2 ,252,280 1,303,199 4 25,646 2 ,446
13
原油及石油產品
Crude Oil and
Petroleum Products
C14 ~ C36
310,860
51,753,628
14,722,206
1 ,236,696
2 ,587,217
61,159
33,457,210
2 ,693,209
- 302,048
43,511,479
42,517,349
787,026
1 ,000
1 ,225
204,879
46,705,199
44,282,838
2 ,422,361
2 ,583,597
2 ,581,693
1 ,227
653
2 4
31,676,173
14,950,764
930,973
5 ,520
47,397
25,922
2 ,480
1 ,705
25,794
2 ,286
439,226
280,447
( 28,420)
( 2 52,027)
2 8
17,423
25,748
115,579
46,278
3 ,290
17,352
125,049
26,623
98,426
( 16,591)
( 59,857)
99,908
70,762
29,146
( 23,621)
23,049
7 ,713
7 ,509
( 4 ,864)
22,719
3 3
769
12,862
14,114
11,647,002
70,411
11,483,096
8 ,057
85,438
490,462
64,838
425,624
992,025
172,726
26,922
23,511
128
3 ,283
228,287
3 ,944
3 ,887
4 ,030
3 4
8 ,192
8 ,684
437,887
2 ,642
2 ,640
381
95,656
890,303
16,725,409
16,725,409
( 14,987,915)
3 ,775,616
3 ,146,363
2 ,453
3 ,865
622,935
2 ,252,280
2 ,252,280
29 30 31 32 33 34 35 36 37 38 39 40 41 42 43 44
燃料油 白精油 潤滑油 柏油 溶劑油 石蠟 石油焦 其他石油產品 天然氣 (自產)天然氣 (進口)液化天然氣 生質能及廢棄物 生質能 固態生質能 液態生質能 氣態生質能
Fuel Oil White Spirits Lubricants Asphalts Solvents Paraffin Waxes Petroleum Coke Other Petroleum Natural Gas (Indigenous) (Imported) Biomass and Biomasss Solid Biomass Liquid Biomass Biogas
Products Natural Gas LNG Waste
C38 ~ C39 C41 + C45 C42 ~ C44
72,745 72,745 1 ,557,724 1 74,327 146,680 8 27,638
521,386 238,402 78,547 57,504 22,970 13,628 62,599 2 3,957,297 23,957,297 5 1 51 51
1 ,132,141 5 14,366 215,005 43,505 766 4 86,964 70,654
1 ,118,376 5
167,526 -25 11,262 4 ,227 - 2,333 0 - 2,356 87,868 306,318 124,518 181,800 3 3 3
- 1,896,657 25 - 287,231 -140,685 16,332 22,205 - 470,981 -95,923 23,723,724 -51,773 23,775,497 1 ,557,772 1 74,374 146,680 5 6 27,638
480,509 7 274 348 2 25,494,152 25,494,152 4 4 44 44
- 322,770 10,600 551 10,049 0 0 0
782,503 7 ,632 18,596,591 740 18,595,851 1 ,248,735 1 40,346 114,572 25,774
30,270 30,270
733,637 18,345,874 18,345,874
858 155,972 130,790 106,383 24,407
924 34,401 34,401 53,525 340 340
47,084 7,632 186,046 740 1 85,306 1 ,039,238 9,216 7,848 1,367
3 ,487,155 7 06,793 491,833 48,609 878,558 970,511 25,715,675 1 ,720,707 23,994,969
3 ,487,155 7 06,793 491,833 48,609 878,558 884,579
85,932 2 5,715,675 1 ,720,707 23,994,969
95,304 389,534 20,215 562,366 17,689 544,677
94,752 389,534 20,215 561,528 17,603 543,924
5 6 56
552 753 753
3 0 30 0
554,954 1 8 419,287 351,148 64,593 22,205 18,044 846,739 4 ,775,691 1,649,953 3,125,737 3 08,992 33,984 32,108 1 2 1 ,864
554,954 9 ,958 4 ,775,691 1,649,953 3,125,737 3 08,992 33,984 32,108 1 2 1 ,864
401,701 9 ,958 3 ,612,322 6 60,705 2 ,951,617 3 08,981 33,972 32,108 1 ,864
1 ,518
15,025 289,250 62,058 227,192 17,897 17,897 17,897
19,905 186,259 62,356 123,903
538 7 ,343 1,137 6,206
1 ,454 4,410 1,875 2,536
23,406 54,876 14,186 40,691 50,812 15,586 14,199 1 ,387
106 6 ,176 2,254 3,922
97,030 923,420 106,778 816,642 543 489 1 2 477
56,327 577,472 11,166 566,306 477 477 477
( 4 ,788) ( 1 79,432)( 6 ,874)( 1 72,557)
( 51,539) ( 3 98,040)( 4 ,292)( 3 93,748)( 477)( 477) ( 477)
2 8 5 ,371 3,502 1,869
17,238 62,963 29,223 33,740 1 2 12 12
23,437 262,041 58,185 203,856 5 4
15,573 4 ,701 10,871
35,669 84,974 29,755 55,219
999 58,773 11,390 47,383
9 ,295 2 34,359 30,204 204,155
106,532 307,342 144,604 162,738
16,519 14,474 4 ,431 10,043
90,013 292,868 140,173 152,695
( 10,639) ( 1 26,687)( 103,871)( 2 2,816)
( 57,462) ( 1 29,941)( 3 1,205)( 98,736)
63,937 9,958 567,049 28,970 538,079
42,074 9,958 490,088 17,401 472,687
21,863 76,961 11,569 65,392
( 16,340) ( 52,237)( 4 ,167)( 48,070)
3 ,994 2 88,341 18,684 269,657
1 ,270 10,973 6 ,339 4,635
1 ,347 3 64,361 119,391 244,969
( 249) ( 283,818)( 116,950)( 166,868)
5 ,027 34,345 14,761 19,584
6 9 33 36
734 177,148 4 ,604 172,543
10,174 9,711 118 9,594 239,728
3 ,742 1 55 6 0 95
2 ,987 1,148 1,839
42,614 1 2 12 12
1 2 12 12
42,614
19,078 3,822 3,822
1 ,123 3,822 3,822
17,955
91,560 413,620 307,986 105,633
50,212 25,341 22,988 2 ,353
3 ,468 2,165 2,072 9 4
3 ,468 2,094 2,001 9 4
7 0 70
1 1
1 ,311 2 51,064 183,480 67,584
- 0 167 147 2 0
- 0 120 120
989 977 1 3
7 5 76 573 4
7 3 6 ,812 6,672 140
135 945 515 430
345 14,993 9 ,575 5,418
5 6 15,159 10,600 4 ,559
451 33,584 24,268 9 ,316
175 12,278 9 ,259 3,019
35,328 49,546 36,862 12,684
745,927 681,261 64,666
1 8 419,287 351,148 64,593 22,205 18,044 836,781
1 8 419,287 351,148 64,593 22,205 18,044 836,781
3 ,026,869 28,937 111,629,599 20,938 111,608,661 3 ,738,063 2 38,612 171,191 67,420
2 ,933,666 1 10,465,219 110,465,219
1 ,904 3 18,878 186,228 126,764 59,465
2 ,980 1 10,061 110,061 158,263 1 ,062 1,062
88,318 28,937 1 ,054,319 20,938 1 ,033,381 3,260,922 51,321 43,366 7 ,955
495,101 25,888 440,102 440,102 831,440 20,725 20,725
495,101 25,888 440,102 440,102 831,440 20,725 20,725
37
天然氣
Natural Gas
C38 ~ C39 | 38 39
(自產)天然氣 (進口)液化天然氣
(Indigenous) (Imported)
Natural Gas LNG | 40
生質能及廢棄物
Biomass and
Waste
C41 + C45
72,745
2 3,957,297
306,318
23,723,724 | 72,745
23,957,297
124,518 181,800
-51,773 23,775,497 | 1 ,557,724
5 1
3
1 ,557,772
25,494,152
10,600 | 25,494,152
551 10,049 | 4 4
0
18,596,591
30,270
18,345,874
34,401
186,046 | 740 18,595,851
30,270
18,345,874
34,401
740 1 85,306 | 1 ,248,735
155,972
53,525
1 ,039,238
25,715,675
2 5,715,675 | 1 ,720,707 23,994,969
1 ,720,707 23,994,969
562,366
561,528
5 6
753
3 0 | 17,689 544,677
17,603 543,924
56
753
30 0
4 ,775,691 | 1,649,953 3,125,737 | 3 08,992
4 ,775,691 | 1,649,953 3,125,737 | 3 08,992
3 ,612,322
289,250
186,259
7 ,343
4,410
54,876
6 ,176
923,420
577,472
( 1 79,432)
( 3 98,040)
5 ,371
62,963
262,041
15,573
84,974
58,773
2 34,359
307,342
14,474
292,868
( 1 26,687)
( 1 29,941)
567,049
490,088
76,961
( 52,237)
2 88,341
10,973
3 64,361
( 283,818)
34,345
6 9
177,148
9,711
1 55
2 ,987 | 6 60,705 2 ,951,617
62,058 227,192
62,356 123,903
1,137 6,206
1,875 2,536
14,186 40,691
2,254 3,922
106,778 816,642
11,166 566,306
( 6 ,874)( 1 72,557)
( 4 ,292)( 3 93,748)
3,502 1,869
29,223 33,740
58,185 203,856
4 ,701 10,871
29,755 55,219
11,390 47,383
30,204 204,155
144,604 162,738
4 ,431 10,043
140,173 152,695
( 103,871)( 2 2,816)
( 3 1,205)( 98,736)
28,970 538,079
17,401 472,687
11,569 65,392
( 4 ,167)( 48,070)
18,684 269,657
6 ,339 4,635
119,391 244,969
( 116,950)( 166,868)
14,761 19,584
33 36
4 ,604 172,543
118 9,594
6 0 95
1,148 1,839 | 3 08,981
17,897
50,812
543
477
( 477)
1 2
5 4
239,728
1 2
1 2
3,822
3,822 | 3,822
3,822
413,620
25,341
2,165
2,094
7 0
1
2 51,064
167
120
989
5 76
6 ,812
945
14,993
15,159
33,584
12,278
49,546 | 307,986 105,633
22,988 2 ,353
2,072 9 4
2,001 9 4
70
1
183,480 67,584
147 2 0
120
977 1 3
573 4
6,672 140
515 430
9 ,575 5,418
10,600 4 ,559
24,268 9 ,316
9 ,259 3,019
36,862 12,684
745,927 | 681,261 64,666
111,629,599 | 20,938 111,608,661
110,465,219
110,061
20,938 1 ,033,381
440,102
440,102 | 3 ,738,063
1 10,465,219
3 18,878
1 10,061 | 158,263
1 ,054,319 | 3,260,922
440,102 | 831,440
440,102 | 831,440
45 46 47 48 49 50 51 52 53 54
廢棄物 核能 水力 地熱 太陽光電 風力 電力 太陽熱能 熱能 總計
Waste Nuclear Hydro Geothermal Solar PV Wind Electricity Solar Thermal Heat Total Item
C1+C13+C37+C40
+C46 ~ C53
1 ,383,398 3 40,820 19,921 1 ,110,147 5 36,493 3 ,948,711 1 Indigenous Production
4 ,639,189 1 14,481,464 2+Import
14,756,809 3-Exports
1 ,236,696 4-International Marine Bunkers
2 ,587,217 5-International Civil Aviation
- 375,481 6-Stock Changes
1 ,383,398 4,639,189 3 40,820 19,921 1 ,110,147 5 36,493 100,224,934 7=Total Primary Energy Supply
28,187,405 8-Transfers(Input)
0 -183,970 -325,057 9-Statistical Differences
1 ,108,389 4,639,189 6 03,217 19,921 1 ,110,147 5 36,493 106,026,070 10-Transformation Input
5 ,044,187 11 Coke Ovens/Manufacture of Coal Products
4 ,083,872 12 Blast Furnaces
42,547,619 13 Petroleum Refineries
14 Petrochemical Industry
4 ,639,189 6 02,776 15,352 332,887 536,458 44,078,224 15 Public Electricity Plants
25,182 441 4,569 777,260 3 5 1 ,271,931 16 Autoproducer Electricity Plants
53,185 418,584 17 Public Cogeneration Plants
1 ,030,022 8 ,581,653 18 Autoproducer Cogeneration Plants
262,397 24,276,648 1 ,922,540 1 05,255,667 19+Transformation Output Total
262,397 24,276,648 1 ,922,540 77,117,631 20 Transformation Output
28,138,036 21 Transfers(Output)
1 ,586,793 3 89,621 6 ,116,742 22-Energy Sector Own Use
23 Coal Mining
919 463,709 24 Coke Ovens/Manufacture of Coal Products
531,575 25 Blast Furnaces
2 ,966 2,966 26 Oil and Gas Extraction
202,787 363,469 3 ,709,476 27 Petroleum Refineries
869,423 870,705 28 Electricity Plants
320,959 320,959 29 Electricity to Pump Up
147,596 26,153 175,155 30 Cogeneration Plants
42,142 42,195 31 Gas Companies
679,973 756,022 32-Losses
275,009 22,193,852 1 ,532,918 64,719,419 33=Total Final Consumption
275,009 22,193,852 1 ,532,918 47,853,607 34 Energy Consumption
275,009 13,158,104 1 ,532,918 23,634,688 35 Industrial Sector
23,152 28,672 36 Mining and Quarrying(excluding coal,oil and gas)
436,147 18,196 816,260 37 Food, Beverage and Tobacco
341,486 42,749 769,601 38 Textile,Wearing Apparel and Accessories
10,861 0 20,684 39 Leather and Fur
30,352 36,467 40 Wood, Bamboo and Furniture
35,226 298,289 7 ,869 849,005 41 Pulp, Paper and Paper Products
43,487 51,949 42 Printing and Reproduction of Recorded Media
5 4 2 ,414,468 1,357,304 6,281,574 43 Chemical Material and Fertilizers
1 ,809,822 1,264,824 4,936,307 44 Raw Chemical Materials
( 5 27,549) ( 301,807)( 1,078,164) 45 (Basic Industrial Chemicals)
( 1,282,274) ( 9 63,017)( 3,858,143) 46 (Petrochemical Materials)
14,113 19,512 47 Fertilizers and Nitrogen Compounds
283,517 68,106 563,035 48 Artificial Fibers
5 4 237,432 539 5 38,028 49 Plastic and Synthetic Rubber Materials
69,583 23,835 224,692 50 Other Chemical Materials
116,225 12,643 272,010 51 Medicinal and other Chemical Products
75,841 1 6 137,920 52 Rubber Products
388,709 55,415 696,671 53 Plastic Products
459,417 1 ,655,010 54 Non-metallic Mineral Products
156,079 940,380 55 Cement and Cement Products
303,337 714,630 56 Others
( 34,994) ( 178,271) 57 (Porcelain and Ceramic Products)
( 2 22,938) ( 412,737) 58 (Glass and Glass Products)
1 ,567,419 8,231 3 ,807,110 59 Basic Metals
1 ,333,135 4,627 3 ,463,115 60 Iron and Steel
234,284 3 ,604 343,995 61 Others
( 62,554) ( 3 ,604)( 1 42,016) 62 (Aluminum)
507,036 1 ,016 819,442 63 Fabricated Metal Products
227,277 245,963 64 Machinery and Equipments
5 ,438,849 29,311 5 ,852,453 65 Electronic Products and Electrical Equipment
( 5,123,799) ( 29,311)( 5,441,793) 66 (Electronic Parts and Components)
219,006 276,070 67 Transport Equipments and Parts
100,117 100,218 68 Precision, Optical, Medical Equipment, Watches and Clocks
95,163 168 2 73,247 69 Not elsewhere specified Manufacturing
239,728 262,965 525,267 70 Water Supply and Remediation Activities
101,840 116,109 71 Construction
2 ,987 72 Non-Specified
159,639 11,806,652 73 Transport Sector
70,411 74 Domestic Air
23,397 11,506,504 75 Road
133,892 141,950 76 Rail
2 ,349 2,349 77 Pipeline Transport
85,438 78 Internal Navigation
79 Non-Specified
281,852 776,135 80 Agriculture Sector
195,269 263,928 81 Agriculture, Animal Husbandry and Forestry
86,584 512,207 82 Fishing and Aquaculture
4 ,163,339 5,568,984 83 Service Sector
1 ,013,546 1,211,613 84 Wholesale and Retail
293,446 322,534 85 Transportation and Storage
172,492 198,098 86 Transport Services
110,620 110,818 87 Warehousing and Storage
10,334 13,618 88 Postal and Courier
677,870 1 ,157,221 89 Accommodation and Food Service
338,215 342,326 90 Information and Communication
214,506 218,514 91 (Telecommunications)
127,153 132,172 92 Finance and Insurance
61,646 62,257 93 Real Estate
91,879 106,883 94 Professional, Scientific and Technical
58,046 67,674 95 Support Service
377,628 830,508 96 Public Administration and Defence
285,994 303,795 97 Education
302,422 338,646 98 Human Health and Social Work
127,181 139,840 99 Arts, Entertainment and Recreation
408,313 553,515 100 Not elsewhere specified Service
4 ,430,918 6,067,148 101 Residential Sector
16,865,812 102 Non-Energy Use
16,865,812 103 in Industry/Transf./Energy
( 14,987,915)104 (Feedstocks)
105 in Transport
106 in Other Sectors
Electricity and Heat Output
3 ,499,451 17,801,952 7 ,014,148 23,164 1 2,908,690 6 ,238,287 2 82,286,610 1 Electricity Generated (MWh)
17,801,952 7 ,009,019 17,851 3 ,870,778 6,237,878 2 37,673,946 2 Public Electricity Plants
132,650 5 ,129 5,313 9 ,037,912 4 09 11,298,963 3 Autoproducer Electricity Plants
157,201 1 ,428,760 4 Public Cogeneration Plants
3 ,209,601 31,884,941 5 Autoproducer Cogeneration Plants
810,715 25,491,739 6 Heat Generated (MT)
810,715 25,491,739 7 Cogeneration Plants
46 47 48 49 50 51 52 53 54
核能 水力 地熱 太陽光電 風力 電力 太陽熱能 熱能 總計
Nuclear Hydro Geothermal Solar PV Wind Electricity Solar Thermal Heat Total
C1+C13+C37+C40
+C46 ~ C53
3 40,820 19,921 1 ,110,147 5 36,493 3 ,948,711
4 ,639,189 1 14,481,464
14,756,809
1 ,236,696
2 ,587,217
- 375,481
4,639,189 3 40,820 19,921 1 ,110,147 5 36,493 100,224,934
28,187,405
-183,970 -325,057
4,639,189 6 03,217 19,921 1 ,110,147 5 36,493 106,026,070
5 ,044,187
4 ,083,872
42,547,619
4 ,639,189 6 02,776 15,352 332,887 536,458 44,078,224
441 4,569 777,260 3 5 1 ,271,931
418,584
8 ,581,653
262,397 24,276,648 1 ,922,540 1 05,255,667
262,397 24,276,648 1 ,922,540 77,117,631
28,138,036
1 ,586,793 3 89,621 6 ,116,742
919 463,709
531,575
2 ,966 2,966
202,787 363,469 3 ,709,476
869,423 870,705
320,959 320,959
147,596 26,153 175,155
42,142 42,195
679,973 756,022
22,193,852 1 ,532,918 64,719,419
22,193,852 1 ,532,918 47,853,607
13,158,104 1 ,532,918 23,634,688
23,152 28,672
436,147 18,196 816,260
341,486 42,749 769,601
10,861 0 20,684
30,352 36,467
298,289 7 ,869 849,005
43,487 51,949
2 ,414,468 1,357,304 6,281,574
1 ,809,822 1,264,824 4,936,307
( 5 27,549) ( 301,807)( 1,078,164)
( 1,282,274) ( 9 63,017)( 3,858,143)
14,113 19,512
283,517 68,106 563,035
237,432 539 5 38,028
69,583 23,835 224,692
116,225 12,643 272,010
75,841 1 6 137,920
388,709 55,415 696,671
459,417 1 ,655,010
156,079 940,380
303,337 714,630
( 34,994) ( 178,271)
( 2 22,938) ( 412,737)
1 ,567,419 8,231 3 ,807,110
1 ,333,135 4,627 3 ,463,115
234,284 3 ,604 343,995
( 62,554) ( 3 ,604)( 1 42,016)
507,036 1 ,016 819,442
227,277 245,963
5 ,438,849 29,311 5 ,852,453
( 5,123,799) ( 29,311)( 5,441,793)
219,006 276,070
100,117 100,218
95,163 168 2 73,247
262,965 525,267
101,840 116,109
2 ,987
159,639 11,806,652
70,411
23,397 11,506,504
133,892 141,950
2 ,349 2,349
85,438
281,852 776,135
195,269 263,928
86,584 512,207
4 ,163,339 5,568,984
1 ,013,546 1,211,613
293,446 322,534
172,492 198,098
110,620 110,818
10,334 13,618
677,870 1 ,157,221
338,215 342,326
214,506 218,514
127,153 132,172
61,646 62,257
91,879 106,883
58,046 67,674
377,628 830,508
285,994 303,795
302,422 338,646
127,181 139,840
408,313 553,515
4 ,430,918 6,067,148
16,865,812
16,865,812
( 14,987,915)
Electricity and Heat Output
17,801,952 7 ,014,148 23,164 1 2,908,690 6 ,238,287 2 82,286,610
17,801,952 7 ,009,019 17,851 3 ,870,778 6,237,878 2 37,673,946
5 ,129 5,313 9 ,037,912 4 09 11,298,963
1 ,428,760
31,884,941
25,491,739
25,491,739
附件三、
能源部門燃料燃燒二氧化碳排放指標
我國能源部門燃料燃燒二氧化碳排放指標
項目 CO 2 排放量 碳排放密集度 人均排放
年度 萬公噸 成長率(%) 公斤CO/元 成長率(%) 公噸CO/人 成長率(%)
2 2
1990 10,947 - 0.02121 - 5.41 -
1991 11,844 8.20 0.02118 -0.16 5.79 7.01
1992 12,606 6.43 0.02081 -1.74 6.10 5.41
1993 13,521 7.26 0.02090 0.41 6.49 6.26
1994 14,310 5.84 0.02057 -1.55 6.80 4.90
1995 15,081 5.39 0.02036 -1.04 7.11 4.49
1996 15,858 5.15 0.02016 -0.97 7.41 4.30
1997 17,084 7.73 0.02048 1.58 7.92 6.78
1998 18,152 6.25 0.02088 1.97 8.34 5.28
1999 19,045 4.92 0.02053 -1.70 8.68 4.08
2000 20,872 9.60 0.02116 3.09 9.43 8.74
2001 21,255 1.84 0.02186 3.28 9.54 1.14
2002 22,012 3.56 0.02146 -1.82 9.81 2.86
2003 22,984 4.41 0.02150 0.18 10.19 3.80
2004 23,993 4.39 0.02098 -2.40 10.59 4.00
2005 24,796 3.35 0.02058 -1.93 10.91 2.97
2006 25,533 2.97 0.02003 -2.64 11.19 2.55
2007 25,921 1.52 0.01903 -4.99 11.31 1.11
2008 24,754 -4.51 0.01803 -5.26 10.76 -4.84
2009 23,587 -4.71 0.01746 -3.15 10.22 -5.05
2010 25,171 6.72 0.01690 -3.20 10.88 6.43
2011 25,710 2.14 0.01665 -1.48 11.08 1.91
2012 25,320 -1.52 0.01605 -3.66 10.88 -1.84
2013 25,411 0.36 0.01571 -2.07 10.89 0.04
2014 25,848 1.72 0.01526 -2.86 11.04 1.46
2015 25,848 0.00 0.01504 -1.45 11.02 -0.25
2016 26,298 1.74 0.01498 -0.41 11.18 1.51
2017 26,946 2.46 0.01486 -0.82 11.44 2.29
2018 26,746 -0.74 0.01435 -3.43 11.34 -0.85
2019 25,908 -3.13 0.01348 -6.01 10.98 -3.20
2020 25,769 -0.54 0.01297 -3.79 10.93 -0.48
2021 26,728 3.72 0.01262 -2.72 11.39 4.22
2022 25,827 -3.37 0.01189 -5.81 11.08 -2.76
2023 25,065 -2.95 0.01139 -4.18 10.74 -3.04
年均成長率(%)
2023相較2005 1.09 -44.64 -1.57
2023相較2017 -6.28 -20.61 -5.33
2023相較2022 -2.95 -4.18 -3.04
註：本表排放指標係依據燃料燃燒二氧化碳排放量計算，未包括其他溫室氣體。
資料來源：經濟部能源署，2023年燃料燃燒之二氧化碳排放量統計與分析，2024年8月。
項目
年度 | CO 排放量
2 | 碳排放密集度 | 人均排放
萬公噸 | 成長率(%) | 公斤CO/元
2 | 成長率(%) | 公噸CO/人
2 | 成長率(%)
1990 | 10,947 | - | 0.02121 | - | 5.41 | -
1991 | 11,844 | 8.20 | 0.02118 | -0.16 | 5.79 | 7.01
1992 | 12,606 | 6.43 | 0.02081 | -1.74 | 6.10 | 5.41
1993 | 13,521 | 7.26 | 0.02090 | 0.41 | 6.49 | 6.26
1994 | 14,310 | 5.84 | 0.02057 | -1.55 | 6.80 | 4.90
1995 | 15,081 | 5.39 | 0.02036 | -1.04 | 7.11 | 4.49
1996 | 15,858 | 5.15 | 0.02016 | -0.97 | 7.41 | 4.30
1997 | 17,084 | 7.73 | 0.02048 | 1.58 | 7.92 | 6.78
1998 | 18,152 | 6.25 | 0.02088 | 1.97 | 8.34 | 5.28
1999 | 19,045 | 4.92 | 0.02053 | -1.70 | 8.68 | 4.08
2000 | 20,872 | 9.60 | 0.02116 | 3.09 | 9.43 | 8.74
2001 | 21,255 | 1.84 | 0.02186 | 3.28 | 9.54 | 1.14
2002 | 22,012 | 3.56 | 0.02146 | -1.82 | 9.81 | 2.86
2003 | 22,984 | 4.41 | 0.02150 | 0.18 | 10.19 | 3.80
2004 | 23,993 | 4.39 | 0.02098 | -2.40 | 10.59 | 4.00
2005 | 24,796 | 3.35 | 0.02058 | -1.93 | 10.91 | 2.97
2006 | 25,533 | 2.97 | 0.02003 | -2.64 | 11.19 | 2.55
2007 | 25,921 | 1.52 | 0.01903 | -4.99 | 11.31 | 1.11
2008 | 24,754 | -4.51 | 0.01803 | -5.26 | 10.76 | -4.84
2009 | 23,587 | -4.71 | 0.01746 | -3.15 | 10.22 | -5.05
2010 | 25,171 | 6.72 | 0.01690 | -3.20 | 10.88 | 6.43
2011 | 25,710 | 2.14 | 0.01665 | -1.48 | 11.08 | 1.91
2012 | 25,320 | -1.52 | 0.01605 | -3.66 | 10.88 | -1.84
2013 | 25,411 | 0.36 | 0.01571 | -2.07 | 10.89 | 0.04
2014 | 25,848 | 1.72 | 0.01526 | -2.86 | 11.04 | 1.46
2015 | 25,848 | 0.00 | 0.01504 | -1.45 | 11.02 | -0.25
2016 | 26,298 | 1.74 | 0.01498 | -0.41 | 11.18 | 1.51
2017 | 26,946 | 2.46 | 0.01486 | -0.82 | 11.44 | 2.29
2018 | 26,746 | -0.74 | 0.01435 | -3.43 | 11.34 | -0.85
2019 | 25,908 | -3.13 | 0.01348 | -6.01 | 10.98 | -3.20
2020 | 25,769 | -0.54 | 0.01297 | -3.79 | 10.93 | -0.48
2021 | 26,728 | 3.72 | 0.01262 | -2.72 | 11.39 | 4.22
2022 | 25,827 | -3.37 | 0.01189 | -5.81 | 11.08 | -2.76
2023 | 25,065 | -2.95 | 0.01139 | -4.18 | 10.74 | -3.04
年均成長率(%)
2023相較2005 | 1.09 | -44.64 | -1.57
2023相較2017 | -6.28 | -20.61 | -5.33
2023相較2022 | -2.95 | -4.18 | -3.04
附件四、
各部門燃料燃燒排放量 ( 含間接排放 )
歷年各部門燃料燃燒二氧化碳排放量 ( 含間接排放 )
(單位：千公噸二氧化碳當量)
年度 能源部門 工業部門 運輸部門 農業部門 服務業部門 住宅部門 總排放量
1990 15,569 50,485 19,729 3,601 9,414 10,667 109,465
1991 16,025 55,082 20,975 3,465 10,733 12,163 118,443
1992 15,742 58,902 24,138 3,405 10,966 12,906 126,058
1993 17,213 61,829 26,212 3,533 12,062 14,357 135,206
1994 19,122 64,214 27,645 3,586 13,509 15,028 143,103
1995 20,194 67,413 28,929 3,730 14,128 16,416 150,810
1996 21,152 70,273 29,920 3,843 15,749 17,641 158,579
1997 23,959 77,213 30,703 3,589 16,824 18,548 170,835
1998 25,615 80,660 32,035 3,079 18,624 21,507 181,518
1999 26,055 86,612 32,982 3,138 19,604 22,055 190,446
2000 28,541 97,283 33,452 3,576 21,935 23,936 208,724
2001 29,659 98,215 33,509 3,661 23,031 24,478 212,554
2002 29,296 102,966 34,799 3,718 24,112 25,234 220,123
2003 30,969 106,769 34,768 4,169 26,275 26,891 229,841
2004 32,735 112,782 36,144 4,355 27,055 26,859 239,929
2005 35,233 114,369 37,157 4,003 28,577 28,618 247,956
2006 36,815 119,780 37,103 3,102 29,750 28,781 255,330
2007 37,617 124,555 35,904 2,546 29,600 28,994 259,215
2008 34,128 118,534 33,847 2,980 29,429 28,619 247,537
2009 32,871 109,860 34,162 2,563 28,115 28,295 235,868
2010 34,734 122,639 35,288 2,503 28,601 27,943 251,708
2011 35,081 127,001 35,770 2,574 28,251 28,420 257,097
2012 34,627 125,706 34,956 2,687 27,754 27,471 253,201
2013 34,372 127,630 34,893 2,696 27,513 27,005 254,109
2014 37,286 127,370 35,375 2,805 27,910 27,734 258,480
2015 37,149 125,756 36,241 2,812 28,581 27,936 258,475
2016 37,282 127,008 37,336 2,817 29,022 29,518 262,982
2017 37,866 130,626 37,026 2,876 30,410 30,657 269,461
2018 37,963 132,865 36,008 3,085 28,544 28,994 267,458
2019 37,525 127,041 36,239 3,061 27,214 28,004 259,083
2020 36,197 125,933 36,506 2,966 26,785 29,307 257,693
2021 37,045 135,192 34,682 2,993 26,612 30,755 267,281
2022 36,641 126,752 35,514 2,977 27,076 29,311 258,271
2023 33,845 120,779 35,535 3,154 27,726 29,610 250,651
註：本表僅為燃料燃燒二氧化碳排放統計結果，不包含燃料燃燒甲烷、氧化亞氮排放與生質能燃燒溫室氣體排放。
資料來源：經濟部能源署，2023年燃料燃燒之二氧化碳排放量統計與分析，2024年8月。
年度 | 能源部門 | 工業部門 | 運輸部門 | 農業部門 | 服務業部門 | 住宅部門 | 總排放量
1990 | 15,569 | 50,485 | 19,729 | 3,601 | 9,414 | 10,667 | 109,465
1991 | 16,025 | 55,082 | 20,975 | 3,465 | 10,733 | 12,163 | 118,443
1992 | 15,742 | 58,902 | 24,138 | 3,405 | 10,966 | 12,906 | 126,058
1993 | 17,213 | 61,829 | 26,212 | 3,533 | 12,062 | 14,357 | 135,206
1994 | 19,122 | 64,214 | 27,645 | 3,586 | 13,509 | 15,028 | 143,103
1995 | 20,194 | 67,413 | 28,929 | 3,730 | 14,128 | 16,416 | 150,810
1996 | 21,152 | 70,273 | 29,920 | 3,843 | 15,749 | 17,641 | 158,579
1997 | 23,959 | 77,213 | 30,703 | 3,589 | 16,824 | 18,548 | 170,835
1998 | 25,615 | 80,660 | 32,035 | 3,079 | 18,624 | 21,507 | 181,518
1999 | 26,055 | 86,612 | 32,982 | 3,138 | 19,604 | 22,055 | 190,446
2000 | 28,541 | 97,283 | 33,452 | 3,576 | 21,935 | 23,936 | 208,724
2001 | 29,659 | 98,215 | 33,509 | 3,661 | 23,031 | 24,478 | 212,554
2002 | 29,296 | 102,966 | 34,799 | 3,718 | 24,112 | 25,234 | 220,123
2003 | 30,969 | 106,769 | 34,768 | 4,169 | 26,275 | 26,891 | 229,841
2004 | 32,735 | 112,782 | 36,144 | 4,355 | 27,055 | 26,859 | 239,929
2005 | 35,233 | 114,369 | 37,157 | 4,003 | 28,577 | 28,618 | 247,956
2006 | 36,815 | 119,780 | 37,103 | 3,102 | 29,750 | 28,781 | 255,330
2007 | 37,617 | 124,555 | 35,904 | 2,546 | 29,600 | 28,994 | 259,215
2008 | 34,128 | 118,534 | 33,847 | 2,980 | 29,429 | 28,619 | 247,537
2009 | 32,871 | 109,860 | 34,162 | 2,563 | 28,115 | 28,295 | 235,868
2010 | 34,734 | 122,639 | 35,288 | 2,503 | 28,601 | 27,943 | 251,708
2011 | 35,081 | 127,001 | 35,770 | 2,574 | 28,251 | 28,420 | 257,097
2012 | 34,627 | 125,706 | 34,956 | 2,687 | 27,754 | 27,471 | 253,201
2013 | 34,372 | 127,630 | 34,893 | 2,696 | 27,513 | 27,005 | 254,109
2014 | 37,286 | 127,370 | 35,375 | 2,805 | 27,910 | 27,734 | 258,480
2015 | 37,149 | 125,756 | 36,241 | 2,812 | 28,581 | 27,936 | 258,475
2016 | 37,282 | 127,008 | 37,336 | 2,817 | 29,022 | 29,518 | 262,982
2017 | 37,866 | 130,626 | 37,026 | 2,876 | 30,410 | 30,657 | 269,461
2018 | 37,963 | 132,865 | 36,008 | 3,085 | 28,544 | 28,994 | 267,458
2019 | 37,525 | 127,041 | 36,239 | 3,061 | 27,214 | 28,004 | 259,083
2020 | 36,197 | 125,933 | 36,506 | 2,966 | 26,785 | 29,307 | 257,693
2021 | 37,045 | 135,192 | 34,682 | 2,993 | 26,612 | 30,755 | 267,281
2022 | 36,641 | 126,752 | 35,514 | 2,977 | 27,076 | 29,311 | 258,271
2023 | 33,845 | 120,779 | 35,535 | 3,154 | 27,726 | 29,610 | 250,651
歷年各部門燃料燃燒甲烷排放量 ( 含間接排放 )
(單位：千公噸二氧化碳當量)
年度 能源部門 工業部門 運輸部門 農業部門 服務業部門 住宅部門 總排放量
1990 8 63 170 11 17 14 284
1991 8 68 183 11 18 15 303
1992 8 72 209 10 16 15 331
1993 9 74 226 11 15 16 350
1994 10 77 242 11 18 17 374
1995 11 82 256 11 17 19 396
1996 11 86 268 11 20 20 417
1997 12 93 275 10 19 21 430
1998 13 98 288 8 22 23 453
1999 15 113 298 9 24 25 485
2000 17 128 303 10 26 27 511
2001 18 140 305 10 28 28 529
2002 18 143 312 10 30 29 541
2003 20 149 321 12 34 32 568
2004 21 155 331 12 35 31 585
2005 22 156 340 11 35 32 596
2006 22 162 334 7 37 32 594
2007 22 164 325 5 37 33 587
2008 20 158 309 7 38 33 565
2009 19 149 315 6 36 32 556
2010 19 162 319 5 36 32 572
2011 18 170 323 6 34 32 582
2012 18 167 318 6 34 31 574
2013 17 169 318 6 34 31 576
2014 19 167 320 6 34 31 577
2015 19 168 328 6 36 32 589
2016 18 167 338 6 35 33 597
2017 19 163 331 6 35 33 587
2018 18 155 321 7 33 32 567
2019 18 151 322 7 33 31 563
2020 17 150 325 6 32 32 564
2021 17 155 302 6 32 32 544
2022 16 157 310 6 27 26 542
2023 14 153 311 7 28 26 539
資料來源：經濟部能源署，2023年燃料燃燒之二氧化碳排放量統計與分析，2024年8月。
年度 | 能源部門 | 工業部門 | 運輸部門 | 農業部門 | 服務業部門 | 住宅部門 | 總排放量
1990 | 8 | 63 | 170 | 11 | 17 | 14 | 284
1991 | 8 | 68 | 183 | 11 | 18 | 15 | 303
1992 | 8 | 72 | 209 | 10 | 16 | 15 | 331
1993 | 9 | 74 | 226 | 11 | 15 | 16 | 350
1994 | 10 | 77 | 242 | 11 | 18 | 17 | 374
1995 | 11 | 82 | 256 | 11 | 17 | 19 | 396
1996 | 11 | 86 | 268 | 11 | 20 | 20 | 417
1997 | 12 | 93 | 275 | 10 | 19 | 21 | 430
1998 | 13 | 98 | 288 | 8 | 22 | 23 | 453
1999 | 15 | 113 | 298 | 9 | 24 | 25 | 485
2000 | 17 | 128 | 303 | 10 | 26 | 27 | 511
2001 | 18 | 140 | 305 | 10 | 28 | 28 | 529
2002 | 18 | 143 | 312 | 10 | 30 | 29 | 541
2003 | 20 | 149 | 321 | 12 | 34 | 32 | 568
2004 | 21 | 155 | 331 | 12 | 35 | 31 | 585
2005 | 22 | 156 | 340 | 11 | 35 | 32 | 596
2006 | 22 | 162 | 334 | 7 | 37 | 32 | 594
2007 | 22 | 164 | 325 | 5 | 37 | 33 | 587
2008 | 20 | 158 | 309 | 7 | 38 | 33 | 565
2009 | 19 | 149 | 315 | 6 | 36 | 32 | 556
2010 | 19 | 162 | 319 | 5 | 36 | 32 | 572
2011 | 18 | 170 | 323 | 6 | 34 | 32 | 582
2012 | 18 | 167 | 318 | 6 | 34 | 31 | 574
2013 | 17 | 169 | 318 | 6 | 34 | 31 | 576
2014 | 19 | 167 | 320 | 6 | 34 | 31 | 577
2015 | 19 | 168 | 328 | 6 | 36 | 32 | 589
2016 | 18 | 167 | 338 | 6 | 35 | 33 | 597
2017 | 19 | 163 | 331 | 6 | 35 | 33 | 587
2018 | 18 | 155 | 321 | 7 | 33 | 32 | 567
2019 | 18 | 151 | 322 | 7 | 33 | 31 | 563
2020 | 17 | 150 | 325 | 6 | 32 | 32 | 564
2021 | 17 | 155 | 302 | 6 | 32 | 32 | 544
2022 | 16 | 157 | 310 | 6 | 27 | 26 | 542
2023 | 14 | 153 | 311 | 7 | 28 | 26 | 539
歷年各部門燃料燃燒氧化亞氮排放量 ( 含間接排放 )
(單位：千公噸二氧化碳當量)
年度 能源部門 工業部門 運輸部門 農業部門 服務業部門 住宅部門 總排放量
1990 25 138 259 8 26 23 478
1991 25 151 275 8 30 26 516
1992 27 170 315 8 33 30 583
1993 31 176 340 9 37 35 628
1994 35 185 357 9 41 37 664
1995 38 194 372 9 43 41 698
1996 43 211 381 10 51 48 743
1997 46 232 390 9 56 51 785
1998 51 247 406 8 61 61 834
1999 57 275 418 8 66 63 888
2000 69 316 424 10 76 72 966
2001 74 339 423 10 81 77 1,004
2002 76 354 442 10 88 82 1,051
2003 85 380 441 12 98 91 1,107
2004 87 402 457 12 99 89 1,147
2005 82 422 470 11 104 95 1,184
2006 88 441 470 9 108 96 1,213
2007 91 459 454 8 108 98 1,218
2008 82 443 428 9 107 95 1,164
2009 82 418 430 8 102 95 1,135
2010 80 448 446 8 99 90 1,170
2011 79 461 453 8 98 91 1,168
2012 77 457 445 8 97 88 1,170
2013 71 463 444 8 95 86 1,166
2014 76 456 449 8 94 87 1,169
2015 75 446 459 8 94 86 1,168
2016 74 445 471 8 96 91 1,185
2017 78 451 466 8 98 93 1,194
2018 78 456 456 9 93 89 1,181
2019 75 439 460 9 89 87 1,159
2020 74 432 463 9 85 89 1,152
2021 72 450 440 8 83 92 1,145
2022 69 434 449 8 78 80 1,117
2023 64 420 447 8 81 82 1,102
資料來源：經濟部能源署，2023年燃料燃燒之二氧化碳排放量統計與分析，2024年8月。
年度 | 能源部門 | 工業部門 | 運輸部門 | 農業部門 | 服務業部門 | 住宅部門 | 總排放量
1990 | 25 | 138 | 259 | 8 | 26 | 23 | 478
1991 | 25 | 151 | 275 | 8 | 30 | 26 | 516
1992 | 27 | 170 | 315 | 8 | 33 | 30 | 583
1993 | 31 | 176 | 340 | 9 | 37 | 35 | 628
1994 | 35 | 185 | 357 | 9 | 41 | 37 | 664
1995 | 38 | 194 | 372 | 9 | 43 | 41 | 698
1996 | 43 | 211 | 381 | 10 | 51 | 48 | 743
1997 | 46 | 232 | 390 | 9 | 56 | 51 | 785
1998 | 51 | 247 | 406 | 8 | 61 | 61 | 834
1999 | 57 | 275 | 418 | 8 | 66 | 63 | 888
2000 | 69 | 316 | 424 | 10 | 76 | 72 | 966
2001 | 74 | 339 | 423 | 10 | 81 | 77 | 1,004
2002 | 76 | 354 | 442 | 10 | 88 | 82 | 1,051
2003 | 85 | 380 | 441 | 12 | 98 | 91 | 1,107
2004 | 87 | 402 | 457 | 12 | 99 | 89 | 1,147
2005 | 82 | 422 | 470 | 11 | 104 | 95 | 1,184
2006 | 88 | 441 | 470 | 9 | 108 | 96 | 1,213
2007 | 91 | 459 | 454 | 8 | 108 | 98 | 1,218
2008 | 82 | 443 | 428 | 9 | 107 | 95 | 1,164
2009 | 82 | 418 | 430 | 8 | 102 | 95 | 1,135
2010 | 80 | 448 | 446 | 8 | 99 | 90 | 1,170
2011 | 79 | 461 | 453 | 8 | 98 | 91 | 1,168
2012 | 77 | 457 | 445 | 8 | 97 | 88 | 1,170
2013 | 71 | 463 | 444 | 8 | 95 | 86 | 1,166
2014 | 76 | 456 | 449 | 8 | 94 | 87 | 1,169
2015 | 75 | 446 | 459 | 8 | 94 | 86 | 1,168
2016 | 74 | 445 | 471 | 8 | 96 | 91 | 1,185
2017 | 78 | 451 | 466 | 8 | 98 | 93 | 1,194
2018 | 78 | 456 | 456 | 9 | 93 | 89 | 1,181
2019 | 75 | 439 | 460 | 9 | 89 | 87 | 1,159
2020 | 74 | 432 | 463 | 9 | 85 | 89 | 1,152
2021 | 72 | 450 | 440 | 8 | 83 | 92 | 1,145
2022 | 69 | 434 | 449 | 8 | 78 | 80 | 1,117
2023 | 64 | 420 | 447 | 8 | 81 | 82 | 1,102
歷年各部門生質能燃燒二氧化碳排放量 ( 含間接排放 )
(單位：千公噸二氧化碳當量)
年度 能源部門 工業部門 運輸部門 農業部門 服務業部門 住宅部門 總排放量
1990 17 93 0 3 30 35 179
1991 21 120 0 4 40 44 229
1992 32 215 1 6 64 68 386
1993 32 205 1 6 64 67 375
1994 51 312 1 8 94 95 561
1995 78 486 1 12 148 150 876
1996 94 582 2 15 177 182 1,051
1997 122 1,279 3 19 243 233 1,899
1998 132 1,433 3 17 264 279 2,129
1999 194 1,934 5 27 400 405 2,965
2000 190 1,996 5 26 403 399 3,020
2001 258 2,410 6 32 514 509 3,729
2002 237 2,538 6 30 499 487 3,797
2003 326 3,109 8 41 677 663 4,824
2004 341 3,421 9 45 753 713 5,283
2005 346 3,525 10 44 780 749 5,454
2006 359 3,684 13 46 805 750 5,658
2007 361 3,729 19 46 789 745 5,689
2008 328 3,633 57 48 764 712 5,542
2009 305 3,237 83 48 714 690 5,078
2010 291 3,548 112 48 707 661 5,367
2011 282 3,411 140 51 685 654 5,222
2012 304 3,620 196 61 757 702 5,641
2013 305 3,744 223 65 769 714 5,820
2014 303 3,767 116 54 737 708 5,685
2015 314 3,871 88 54 784 741 5,852
2016 328 4,003 46 52 831 819 6,078
2017 318 3,781 34 49 775 763 5,721
2018 306 3,781 25 47 750 746 5,655
2019 322 3,836 26 50 767 775 5,776
2020 310 3,855 25 53 741 804 5,788
2021 277 3,804 23 49 669 774 5,597
2022 268 3,610 24 46 673 719 5,340
2023 294 3,461 30 52 770 820 5,427
資料來源：經濟部能源署，2023年燃料燃燒之二氧化碳排放量統計與分析，2024年8月。
年度 | 能源部門 | 工業部門 | 運輸部門 | 農業部門 | 服務業部門 | 住宅部門 | 總排放量
1990 | 17 | 93 | 0 | 3 | 30 | 35 | 179
1991 | 21 | 120 | 0 | 4 | 40 | 44 | 229
1992 | 32 | 215 | 1 | 6 | 64 | 68 | 386
1993 | 32 | 205 | 1 | 6 | 64 | 67 | 375
1994 | 51 | 312 | 1 | 8 | 94 | 95 | 561
1995 | 78 | 486 | 1 | 12 | 148 | 150 | 876
1996 | 94 | 582 | 2 | 15 | 177 | 182 | 1,051
1997 | 122 | 1,279 | 3 | 19 | 243 | 233 | 1,899
1998 | 132 | 1,433 | 3 | 17 | 264 | 279 | 2,129
1999 | 194 | 1,934 | 5 | 27 | 400 | 405 | 2,965
2000 | 190 | 1,996 | 5 | 26 | 403 | 399 | 3,020
2001 | 258 | 2,410 | 6 | 32 | 514 | 509 | 3,729
2002 | 237 | 2,538 | 6 | 30 | 499 | 487 | 3,797
2003 | 326 | 3,109 | 8 | 41 | 677 | 663 | 4,824
2004 | 341 | 3,421 | 9 | 45 | 753 | 713 | 5,283
2005 | 346 | 3,525 | 10 | 44 | 780 | 749 | 5,454
2006 | 359 | 3,684 | 13 | 46 | 805 | 750 | 5,658
2007 | 361 | 3,729 | 19 | 46 | 789 | 745 | 5,689
2008 | 328 | 3,633 | 57 | 48 | 764 | 712 | 5,542
2009 | 305 | 3,237 | 83 | 48 | 714 | 690 | 5,078
2010 | 291 | 3,548 | 112 | 48 | 707 | 661 | 5,367
2011 | 282 | 3,411 | 140 | 51 | 685 | 654 | 5,222
2012 | 304 | 3,620 | 196 | 61 | 757 | 702 | 5,641
2013 | 305 | 3,744 | 223 | 65 | 769 | 714 | 5,820
2014 | 303 | 3,767 | 116 | 54 | 737 | 708 | 5,685
2015 | 314 | 3,871 | 88 | 54 | 784 | 741 | 5,852
2016 | 328 | 4,003 | 46 | 52 | 831 | 819 | 6,078
2017 | 318 | 3,781 | 34 | 49 | 775 | 763 | 5,721
2018 | 306 | 3,781 | 25 | 47 | 750 | 746 | 5,655
2019 | 322 | 3,836 | 26 | 50 | 767 | 775 | 5,776
2020 | 310 | 3,855 | 25 | 53 | 741 | 804 | 5,788
2021 | 277 | 3,804 | 23 | 49 | 669 | 774 | 5,597
2022 | 268 | 3,610 | 24 | 46 | 673 | 719 | 5,340
2023 | 294 | 3,461 | 30 | 52 | 770 | 820 | 5,427
MEMO